100
21 61 41 45
81 9 41 85
77 74 19 59
96 35 91 94
20 81 14 92
98 92 34 42
61 59 70 0
85 9 76 31
16 72 47 21
50 55 64 89
60 62 19 62
15 17 88 69
26 47 86 58
87 64 27 23
31 65 65 1
44 54 39 93
2 95 11 23
100 47 7 32
27 100 5 98
18 5 52 3
23 43 17 1
12 29 5 35
1 79 50 22
87 85 54 1
92 96 91 29
53 96 66 2
36 0 4 49
39 17 71 95
95 62 44 56
7 28 72 55
98 74 86 47
29 74 74 68
40 19 93 58
26 48 6 49
52 4 54 1
35 40 97 6
76 56 66 24
1 47 99 67
5 73 41 91
65 85 93 16
85 12 64 84
90 33 70 53
1 77 56 33
5 12 85 36
82 4 78 86
12 40 85 16
63 2 29 19
14 28 50 44
1 90 25 51
25 90 62 98
76 26 41 48
24 47 37 25
25 23 5 13
41 47 4 49
97 82 69 1
5 56 29 48
73 92 23 35
46 37 23 57
68 81 60 37
16 96 5 88
48 17 96 88
12 85 40 74
70 93 76 16
36 68 83 70
93 71 99 52
80 76 49 11
81 3 97 84
3 79 46 76
37 41 94 11
36 49 85 79
32 86 35 40
57 16 36 59
80 42 59 96
68 38 12 84
78 95 16 95
68 54 98 93
96 95 16 52
49 7 60 100
20 41 54 35
95 12 77 88
90 48 29 62
26 77 67 35
16 62 20 24
46 7 83 28
85 9 21 72
47 34 16 52
26 44 40 46
82 65 69 41
50 77 54 68
27 59 46 55
69 41 93 76
11 11 20 44
26 42 11 84
44 84 50 17
49 29 34 82
67 65 8 30
93 82 14 46
14 60 5 51
52 2 19 75
3 2 21 35
