100
Aamir 634 522 825
Aaron 896 456 204
Abbey 548 929 616
Abbie 461 577 369
Abbot 765 397 817
Abbott 654 819 227
Abby 761 160 966
Abdel 236 586 698
Abdul 347 932 593
Abdulkarim 617 407 117
Abdullah 371 693 91
Abe 296 368 926
Abel 314 835 76
Abelard 758 202 847
Abner 826 187 958
Abraham 458 720 734
Abram 553 545 527
Ace 710 505 677
Adair 864 992 10
Adam 611 985 528
Adams 860 825 115
Addie 1 320 844
Adger 695 229 471
Aditya 463 204 347
Adlai 565 52 419
Adnan 356 613 165
Adolf 347 827 218
Adolfo 158 422 829
Adolph 458 636 390
Adolphe 25 949 9
Adolpho 339 449 327
Adolphus 977 585 120
Adrian 90 485 6
Adrick 596 536 360
Adrien 229 576 40
Agamemnon 759 437 176
Aguinaldo 761 910 656
Aguste 910 86 173
Agustin 544 499 905
Aharon 631 436 101
Ahmad 89 959 996
Ahmed 703 82 130
Ahmet 136 334 222
Ajai 918 233 168
Ajay 507 323 570
Al 254 167 603
Alaa 999 881 538
Alain 905 956 221
Alan 783 92 230
Alasdair 108 198 607
Alastair 887 571 272
Albatros 964 194 433
Albert 516 340 465
Alberto 444 807 861
Albrecht 263 207 740
Alden 637 339 667
Aldis 787 751 198
Aldo 645 626 286
Aldric 541 785 525
Aldrich 300 78 875
Aldus 436 246 239
Aldwin 389 502 708
Alec 82 84 475
Aleck 582 866 442
Alejandro 902 627 131
Aleks 798 450 529
Aleksandrs 509 167 730
Alessandro 33 240 755
Alex 896 600 312
Alexander 792 767 60
Alexei 332 828 715
Alexis 144 247 743
Alf 745 513 828
Alfie 223 318 718
Alfonse 230 851 733
Alfonso 632 812 935
Alfonzo 122 871 4
Alford 723 118 960
Alfred 69 962 608
Alfredo 436 20 832
Algernon 428 678 735
Ali 293 8 491
Alic 331 714 246
Alister 239 322 245
Alix 279 180 49
Allan 570 309 522
Allen 380 425 204
Alley 706 30 39
Allie 545 167 66
Allin 687 349 391
Allyn 771 136 966
Alonso 757 436 299
Alonzo 275 74 50
Aloysius 29 349 871
Alphonse 372 225 643
Alphonso 82 232 534
Alston 771 545 669
Alton 893 366 938
Alvin 907 891 473
Avi 366 434 850
Alan Allie
